5.126953125000000000e-01 4.531250000000000000e-01 -2.441406250000000000e-03 -1.665039062500000000e-01 1.513671875000000000e-02 1.298828125000000000e-01
4.531250000000000000e-01 5.000000000000000000e-01 2.177734375000000000e-01 1.660156250000000000e-02 -3.808593750000000000e-02 -2.978515625000000000e-02
-2.441406250000000000e-03 2.177734375000000000e-01 4.960937500000000000e-01 4.111328125000000000e-01 2.832031250000000000e-02 -2.041015625000000000e-01
-1.665039062500000000e-01 1.660156250000000000e-02 4.111328125000000000e-01 4.941406250000000000e-01 2.119140625000000000e-01 1.416015625000000000e-02
1.513671875000000000e-02 -3.808593750000000000e-02 2.832031250000000000e-02 2.119140625000000000e-01 4.570312500000000000e-01 4.414062500000000000e-01
1.298828125000000000e-01 -2.978515625000000000e-02 -2.041015625000000000e-01 1.416015625000000000e-02 4.414062500000000000e-01 5.400390625000000000e-01
