5.234375000000000000e-01 4.272460937500000000e-01 -2.001953125000000000e-02 -1.855468750000000000e-01 -4.003906250000000000e-02 1.591796875000000000e-01
4.272460937500000000e-01 4.658203125000000000e-01 2.490234375000000000e-01 5.566406250000000000e-02 -4.931640625000000000e-02 -3.222656250000000000e-02
-2.001953125000000000e-02 2.490234375000000000e-01 4.863281250000000000e-01 3.813476562500000000e-01 4.003906250000000000e-02 -1.767578125000000000e-01
-1.855468750000000000e-01 5.566406250000000000e-02 3.813476562500000000e-01 4.941406250000000000e-01 2.524414062500000000e-01 8.789062500000000000e-03
-4.003906250000000000e-02 -4.931640625000000000e-02 4.003906250000000000e-02 2.524414062500000000e-01 4.355468750000000000e-01 4.228515625000000000e-01
1.591796875000000000e-01 -3.222656250000000000e-02 -1.767578125000000000e-01 8.789062500000000000e-03 4.228515625000000000e-01 5.947265625000000000e-01
