5.029296875000000000e-01 4.580078125000000000e-01 3.906250000000000000e-03 -1.752929687500000000e-01 -5.371093750000000000e-03 1.127929687500000000e-01
4.580078125000000000e-01 5.009765625000000000e-01 1.933593750000000000e-01 -9.277343750000000000e-03 -3.173828125000000000e-02 2.929687500000000000e-03
3.906250000000000000e-03 1.933593750000000000e-01 4.941406250000000000e-01 4.257812500000000000e-01 1.757812500000000000e-02 -1.660156250000000000e-01
-1.752929687500000000e-01 -9.277343750000000000e-03 4.257812500000000000e-01 5.000000000000000000e-01 1.899414062500000000e-01 -6.347656250000000000e-03
-5.371093750000000000e-03 -3.173828125000000000e-02 1.757812500000000000e-02 1.899414062500000000e-01 4.853515625000000000e-01 4.599609375000000000e-01
1.127929687500000000e-01 2.929687500000000000e-03 -1.660156250000000000e-01 -6.347656250000000000e-03 4.599609375000000000e-01 5.166015625000000000e-01
