5.175781250000000000e-01 4.702148437500000000e-01 -9.765625000000000000e-03 -1.455078125000000000e-01 -3.906250000000000000e-03 6.445312500000000000e-02
4.702148437500000000e-01 4.814453125000000000e-01 1.718750000000000000e-01 -1.513671875000000000e-02 -1.757812500000000000e-02 8.300781250000000000e-03
-9.765625000000000000e-03 1.718750000000000000e-01 4.960937500000000000e-01 4.458007812500000000e-01 -1.416015625000000000e-02 -1.450195312500000000e-01
-1.455078125000000000e-01 -1.513671875000000000e-02 4.458007812500000000e-01 4.990234375000000000e-01 1.596679687500000000e-01 -2.929687500000000000e-03
-3.906250000000000000e-03 -1.757812500000000000e-02 -1.416015625000000000e-02 1.596679687500000000e-01 5.048828125000000000e-01 4.677734375000000000e-01
6.445312500000000000e-02 8.300781250000000000e-03 -1.450195312500000000e-01 -2.929687500000000000e-03 4.677734375000000000e-01 5.009765625000000000e-01
