5.214843750000000000e-01 4.785156250000000000e-01 -3.417968750000000000e-03 -1.347656250000000000e-01 -1.464843750000000000e-03 4.785156250000000000e-02
4.785156250000000000e-01 4.775390625000000000e-01 1.303710937500000000e-01 6.835937500000000000e-03 -1.025390625000000000e-02 4.882812500000000000e-04
-3.417968750000000000e-03 1.303710937500000000e-01 5.185546875000000000e-01 4.560546875000000000e-01 -1.171875000000000000e-02 -1.459960937500000000e-01
-1.347656250000000000e-01 6.835937500000000000e-03 4.560546875000000000e-01 4.755859375000000000e-01 1.391601562500000000e-01 -2.929687500000000000e-03
-1.464843750000000000e-03 -1.025390625000000000e-02 -1.171875000000000000e-02 1.391601562500000000e-01 5.058593750000000000e-01 4.746093750000000000e-01
4.785156250000000000e-02 4.882812500000000000e-04 -1.459960937500000000e-01 -2.929687500000000000e-03 4.746093750000000000e-01 5.009765625000000000e-01
